a=[1 1 1 1;-1 -1/3 1/3 1;1 1/9 1/9 1;-1 -1/27 1/27 1];
b=[2 0 2/3 0]';
z=a\b;