A=[7 28 140;28 140 784;140 784 4676];
y=[12.41 45.21 214.67]';
z=A\y;