x=[19 25 30 38]';
y=[19.0 32.3 49.0 73.3]';
A=[ones(4,1) x.^2];
z=A\y;
a=z(1);
b=z(2);